478 478 478 478 478 478 478 478 478 478 478 478 478 478 478 478 478 478 478 478 478 478 478 478 478 478 478 478 478 478 478 478 478 478 478 478 478 478 478 478 478 478 478 478 478 478 478 478 478 478 478 478 478 478 478 478 478 478 478 478 478 478 478 478 478 478 478 478 478 478 478 478 478
478 42   42   42   42   42   42   42   42   42   42   42   42   42   42   42   42   42   478 478 478 478 478 478 478 478 478 478 478  478 478 478 478 478 478 478 478 478 478 478 478 478 478 478 478  478 478 478 478 478 478 478 478 478 478 42   42   42   42   42   42   42   42   42   42   42   42   42   42   42   42   42   478
478 42   113 113 113 113 113 113 113 113 113 113 113 113 113 113 113 42   478 478 478 478 478 478 478 478 478 478 478  478 478 478 478 478 478 478 478 478 478 478 478 478 478 478 478  478 478 478 478 478 478 478 478 478 478 42   111 111 111 111 111 111 111 111 111 111 111 111 111 111 111 42   478
478 42   113 113 113 113 113 113 113 113 113 113 113 113 113 113 113 42   478 478 478 478 478 478 478 478 478 478 478  478 478 478 478 478 478 478 478 478 478 478 478 478 478 478 478  478 478 478 478 478 478 478 478 478 478 42   111 111 111 111 111 111 111 111 111 111 111 111 111 111 111 42   478
478 42   113 113 113 113 113 113 113 113 113 113 113 113 113 113 113 42   478 478 478 478 478 478 478 478 478 478 478  478 478 478 478 478 478 478 478 478 478 478 478 478 478 478 478  478 478 478 478 478 478 478 478 478 478 42   111 111 111 111 111 111 111 111 111 111 111 111 111 111 111 42   478
478 42   113 113 113 113 113 113 113 113 113 113 113 113 113 113 113 42   478 478 478 478 478 478 478 478 478 478 478  478 478 478 478 478 478 478 478 478 478 478 478 478 478 478 478  478 478 478 478 478 478 478 478 478 478 42   111 111 111 111 111 111 111 111 111 111 111 111 111 111 111 42   478
478 42   113 113 113 113 113 113 113 113 113 113 113 113 113 113 113 42   478 478 478 478 478 478 478 478 478 478 478  478 478 478 478 478 478 478 478 478 478 478 478 478 478 478 478  478 478 478 478 478 478 478 478 478 478 42   111 111 111 111 111 111 111 111 111 111 111 111 111 111 111 42   478
478 42   113 113 113 113 113 113 113 113 113 113 113 113 113 113 113 42   478 478 478 478 478 478 478 478 478 478 478  478  478 478 478 478 478 478 478 478 478 478 478 478 478 478 478 478 478 478 478 478 478 478 478 478 478 42   111 111 111 111 111 111 111 111 111 111 111 111 111 111 111 42   478
478 42   113 113 113 113 113 113 113 113 113 113 113 113 113 113 113 49   478 478 478 478 478 478 478 478 478 478 478  478 478 478 478 478 478 478 478 478 478 478 478 478 478 478 478  478 478 478 478 478 478 478 478 478 478 42   111 111 111 111 111 111 111 111 111 111 111 111 111 111 111 42   478
478 42   113 113 113 113 113 113 113 120 113 113 113 113 113 113 113 49   478 478 478 478 478 478 478 478 478 478 478  478 478 478 478 478 478 478 478 478 478 478 478 478 478 478 478  478 478 478 478 478 478 478 478 478 478 42   111 111 111 111 111 111 111 111 111 111 111 111 111 111 111 42   478
478 42   113 113 113 113 113 113 113 113 113 113 113 113 113 113 113 49   478 478 478 478 478 478 478 478 478 478 478  478  478 478 478 478 478 478 478 478 478 478 478 478 478 478 478 478 478 478 478 478 478 478 478 478 478 42   111 111 111 111 111 111 111 111 111 111 111 111 111 111 111 42   478
478 42   113 113 113 113 113 113 113 113 113 113 113 113 113 113 113 42   478 478 478 478 478 478 478 478 478 478 478  478  478 478 478 478 478 478 478 478 478 478 478 478 478 478 478 478 478 478 478 478 478 478 478 478 478 42   111 111 111 111 111 111 111 111 111 111 111 111 111 111 111 42   478
478 42   113 113 113 113 113 113 113 113 113 113 113 113 113 113 113 42   478 478 478 478 478 478 478 478 478 478 478  478 478 478 478 478 478 478 478 478 478 478 478 478 478 478 478  478 478 478 478 478 478 478 478 478 478 42   111 111 111 111 111 111 111 111 111 111 111 111 111 111 111 42   478
478 42   113 113 113 113 113 113 113 113 113 113 113 113 113 113 113 42   478 478 478 478 478 478 478 478 478 478 478  478 478 478 478 478 478 478 478 478 478 478 478 478 478 478 478  478 478 478 478 478 478 478 478 478 478 42   111 111 111 111 111 111 111 111 111 111 111 111 111 111 111 42   478
478 42   113 113 113 113 113 113 113 113 113 113 113 113 113 113 113 42   478 478 478 478 478 478 478 478 478 478 478  478 478 478 478 478 478 478 478 478 478 478 478 478 478 478 478  478 478 478 478 478 478 478 478 478 478 42   111 111 111 111 111 111 111 111 111 111 111 111 111 111 111 42   478
478 42   113 113 113 113 113 113 113 113 113 113 113 113 113 113 113 42   478 478 478 478 478 478 478 478 478 478 478  478 478 478 478 478 478 478 478 478 478 478 478 478 478 478 478  478 478 478 478 478 478 478 478 478 478 42   111 111 111 111 111 111 111 111 111 111 111 111 111 111 111 42   478
478 42   113 113 113 113 113 113 113 113 113 113 113 113 113 113 113 42   478 478 478 478 478 478 478 478 478 478 478  478 478 478 478 478 478 478 478 478 478 478 478 478 478 478 478  478 478 478 478 478 478 478 478 478 478 42   111 111 111 111 111 111 111 111 111 111 111 111 111 111 111 42   478
478 42   42   42   42   42   42   42   49   49   49   42   42   42   42   42   42   42   478 478 478 478 478 478 478 478 478 478 42   42   42   42   42   42   42   49   49   49   42   42   42   42   42   42   42   478 478 478 478 478 478 478 478 478 478 42   42   42   42   42   42   42   49   49   49   42   42   42   42   42   42   42   478
478 478 478 478 478 478 478 42   110 110 110 42   478 478 478 478 478 478 478 478 478 478 478 478 478 478 478 478 478 478 478 478 478 478 42   110 110 110 42   478 478 478 478 478 478 478 478 478 478 478 478 478 478 478 478 478 478 478 478 478 478 42   110 110 110 42   478 478 478 478 478 478 478
478 478 478 478 478 478 478 42   110 110 110 42   478 478 478 478 478 478 478 478 478 478 478 478 478 478 478 478 478 478 478 478 478 478 42   110 110 110 42   478 478 478 478 478 478 478 478 478 478 478 478 478 478 478 478 478 478 478 478 478 478 42   110 110 110 42   478 478 478 478 478 478 478
478 478 478 478 478 478 478 42   110 110 110 42   478 478 478 478 478 478 478 478 478 478 478 478 478 478 478 478 478 478 478 478 478 478 42   110 110 110 42   478 478 478 478 478 478 478 478 478 478 478 478 478 478 478 478 478 478 478 478 478 478 42   110 110 110 42   478 478 478 478 478 478 478
478 478 478 478 478 478 478 42   110 110 110 42   478 478 478 478 478 478 478 478 478 478 478 478 478 478 478 478 478 478 478 478 478 478 42   110 110 110 42   478 478 478 478 478 478 478 478 478 478 478 478 478 478 478 478 478 478 478 478 478 478 42   110 110 110 42   478 478 478 478 478 478 478
478 478 478 478 478 478 478 42   110 110 110 42   478 478 478 478 478 478 478 478 478 478 478 478 478 478 478 478 478 478 478 478 478 478 42   110 110 110 42   478 478 478 478 478 478 478 478 478 478 478 478 478 478 478 478 478 478 478 478 478 478 42   110 110 110 42   478 478 478 478 478 478 478
478 478 478 478 478 478 478 42   110 110 110 42   478 478 478 478 478 478 478 478 478 478 478 478 478 478 478 478 478 478 478 478 478 478 42   110 110 110 42   478 478 478 478 478 478 478 478 478 478 478 478 478 478 478 478 478 478 478 478 478 478 42   110 110 110 42   478 478 478 478 478 478 478
478 478 478 478 478 478 478 42   110 110 110 42   478 478 478 478 478 478 478 478 478 478 478 478 478 478 478 478 478 478 478 478 478 478 42   110 110 110 42   478 478 478 478 478 478 478 478 478 478 478 478 478 478 478 478 478 478 478 478 478 478 42   110 110 110 42   478 478 478 478 478 478 478
478 478 478 478 478 478 478 42   110 110 110 42   478 478 478 478 478 478 478 478 478 478 478 478 478 478 478 478 478 478 478 478 478 478 42   110 110 110 42   478 478 478 478 478 478 478 478 478 478 478 478 478 478 478 478 478 478 478 478 478 478 42   110 110 110 42   478 478 478 478 478 478 478
478 478 478 478 478 478 478 42   110 110 110 42   478 478 478 478 478 478 478 478 478 478 478 478 478 478 478 478 478 478 478 478 478 478 42   110 110 110 42   478 478 478 478 478 478 478 478 478 478 478 478 478 478 478 478 478 478 478 478 478 478 42   110 110 110 42   478 478 478 478 478 478 478
478 478 478 478 478 478 478 42   110 110 110 42   478 478 478 478 478 478 478 478 478 478 478 478 478 478 478 478 478 478 478 478 478 478 42   110 110 110 42   478 478 478 478 478 478 478 478 478 478 478 478 478 478 478 478 478 478 478 478 478 478 42   110 110 110 42   478 478 478 478 478 478 478
478 42   42   42   42   42   42   42   49   49   49   42   42   42   42   42   42   42   478 478 478 478 478 478 478 478 478 478 42   42   42   42   42   42   42   49   49   49   42   42   42   42   42   42   42   478 478 478 478 478 478 478 478 478 478 42   42   42   42   42   42   42   49   49   49   42   42   42   42   42   42   42   478
478 42   111 111 111 111 111 111 111 111 111 111 111 111 111 111 111 42   478 478 478 478 478 478 478 478 478 478 42   111 111 111 111 111 111 111 111 111 111 111 111 111 111 111 42   478 478 478 478 478 478 478 478 478 478 42   111 111 111 111 111 111 111 111 111 111 111 111 111 111 111 42   478
478 42   111 111 111 111 111 111 111 111 111 111 111 111 111 111 111 42   478 478 478 478 478 478 478 478 478 478 42   111 111 111 111 111 111 111 111 111 111 111 111 111 111 111 42   478 478 478 478 478 478 478 478 478 478 42   111 111 111 111 111 111 111 111 111 111 111 111 111 111 111 42   478
478 42   111 111 111 111 111 111 111 111 111 111 111 111 111 111 111 42   478 478 478 478 478 478 478 478 478 478 42   111 111 111 111 111 111 111 111 111 111 111 111 111 111 111 42   478 478 478 478 478 478 478 478 478 478 42   111 111 111 111 111 111 111 111 111 111 111 111 111 111 111 42   478
478 42   111 111 111 111 111 111 111 111 111 111 111 111 111 111 111 42   478 478 478 478 478 478 478 478 478 478 42   111 111 111 111 111 111 111 111 111 111 111 111 111 111 111 42   478 478 478 478 478 478 478 478 478 478 42   111 111 111 111 111 111 111 111 111 111 111 111 111 111 111 42   478
478 42   111 111 111 111 111 111 111 111 111 111 111 111 111 111 111 42   478 478 478 478 478 478 478 478 478 478 42   111 111 111 111 111 111 111 111 111 111 111 111 111 111 111 42   478 478 478 478 478 478 478 478 478 478 42   111 111 111 111 111 111 111 111 111 111 111 111 111 111 111 42   478
478 42   111 111 111 111 111 111 111 111 111 111 111 111 111 111 111 42   42   42   42   42   42   42   42   42   42   42   42   111 111 111 111 111 111 111 111 111 111 111 111 111 111 111 42   42   42   42   42   42   42   42   42   42   42   42   111 111 111 111 111 111 111 111 111 111 111 111 111 111 111 42   478
478 42   111 111 111 111 111 111 111 111 111 111 111 111 111 111 111 49   110 110 110 110 110 110 110 110 110 110 49   111 111 111 111 111 111 111 111 111 111 111 111 111 111 111 49   110 110 110 110 110 110 110 110 110 110 49   111 111 111 111 111 111 111 111 111 111 111 111 111 111 111 42   478
478 42   111 111 111 111 111 111 111 111 111 111 111 111 111 111 111 49   110 110 110 110 110 110 110 110 110 110 49   111 111 111 111 111 111 111 111 111 111 111 111 111 111 111 49   110 110 110 110 110 110 110 110 110 110 49   111 111 111 111 111 111 111 111 111 111 111 111 111 111 111 42   478
478 42   111 111 111 111 111 111 111 111 111 111 111 111 111 111 111 49   110 110 110 110 110 110 110 110 110 110 49   111 111 111 111 111 111 111 111 111 111 111 111 111 111 111 49   110 110 110 110 110 110 110 110 110 110 49   111 111 111 111 111 111 111 111 111 111 111 111 111 111 111 42   478
478 42   111 111 111 111 111 111 111 111 111 111 111 111 111 111 111 42   42   42   42   42   42   42   42   42   42   42   42   111 111 111 111 111 111 111 111 111 111 111 111 111 111 111 42   42   42   42   42   42   42   42   42   42   42   42   111 111 111 111 111 111 111 111 111 111 111 111 111 111 111 42   478
478 42   111 111 111 111 111 111 111 111 111 111 111 111 111 111 111 42   478 478 478 478 478 478 478 478 478 478 42   111 111 111 111 111 111 111 111 111 111 111 111 111 111 111 42   478 478 478 478 478 478 478 478 478 478 42   111 111 111 111 111 111 111 111 111 111 111 111 111 111 111 42   478
478 42   111 111 111 111 111 111 111 111 111 111 111 111 111 111 111 42   478 478 478 478 478 478 478 478 478 478 42   111 111 111 111 111 111 111 111 111 111 111 111 111 111 111 42   478 478 478 478 478 478 478 478 478 478 42   111 111 111 111 111 111 111 111 111 111 111 111 111 111 111 42   478
478 42   111 111 111 111 111 111 111 111 111 111 111 111 111 111 111 42   478 478 478 478 478 478 478 478 478 478 42   111 111 111 111 111 111 111 111 111 111 111 111 111 111 111 42   478 478 478 478 478 478 478 478 478 478 42   111 111 111 111 111 111 111 111 111 111 111 111 111 111 111 42   478
478 42   111 111 111 111 111 111 111 111 111 111 111 111 111 111 111 42   478 478 478 478 478 478 478 478 478 478 42   111 111 111 111 111 111 111 111 111 111 111 111 111 111 111 42   478 478 478 478 478 478 478 478 478 478 42   111 111 111 111 111 111 111 111 111 111 111 111 111 111 111 42   478
478 42   111 111 111 111 111 111 111 111 111 111 111 111 111 111 111 42   478 478 478 478 478 478 478 478 478 478 42   111 111 111 111 111 111 111 111 111 111 111 111 111 111 111 42   478 478 478 478 478 478 478 478 478 478 42   111 111 111 111 111 111 111 111 111 111 111 111 111 111 111 42   478
478 42   42   42   42   42   42   42   49   49   49   42   42   42   42   42   42   42   478 478 478 478 478 478 478 478 478 478 42   42   42   42   42   42   42   49   49   49   42   42   42   42   42   42   42   478 478 478 478 478 478 478 478 478 478 42   42   42   42   42   42   42   49   49   49   42   42   42   42   42   42   42   478
478 478 478 478 478 478 478 478  478 478 478 478  478 478 478 478 478 478 478 478 478 478 478 478 478 478 478 478 478 478 478 478 478 478 42   110 110 110 42   478 478 478 478 478 478 478 478 478 478 478 478 478 478 478 478 478 478 478 478 478 478 42   110 110 110 42   478 478 478 478 478 478 478
478 478 478 478 478 478 478 478  478 478 478 478  478 478 478 478 478 478 478 478 478 478 478 478 478 478 478 478 478 478 478 478 478 478 42   110 110 110 42   478 478 478 478 478 478 478 478 478 478 478 478 478 478 478 478 478 478 478 478 478 478 42   110 110 110 42   478 478 478 478 478 478 478
478 478 478 478 478 478 478 478  478 478 478 478  478 478 478 478 478 478 478 478 478 478 478 478 478 478 478 478 478 478 478 478 478 478 42   110 110 110 42   478 478 478 478 478 478 478 478 478 478 478 478 478 478 478 478 478 478 478 478 478 478 42   110 110 110 42   478 478 478 478 478 478 478
478 478 478 478 478 478 478 478  478 478 478 478  478 478 478 478 478 478 478 478 478 478 478 478 478 478 478 478 478 478 478 478 478 478 42   110 110 110 42   478 478 478 478 478 478 478 478 478 478 478 478 478 478 478 478 478 478 478 478 478 478 42   110 110 110 42   478 478 478 478 478 478 478
478 478 478 478 478 478 478 478  478 478 478 478  478 478 478 478 478 478 478 478 478 478 478 478 478 478 478 478 478 478 478 478 478 478 42   110 110 110 42   478 478 478 478 478 478 478 478 478 478 478 478 478 478 478 478 478 478 478 478 478 478 42   110 110 110 42   478 478 478 478 478 478 478
478 478 478 478 478 478 478 478  478 478 478 478  478 478 478 478 478 478 478 478 478 478 478 478 478 478 478 478 478 478 478 478 478 478 42   110 110 110 42   478 478 478 478 478 478 478 478 478 478 478 478 478 478 478 478 478 478 478 478 478 478 42   110 110 110 42   478 478 478 478 478 478 478
478 478 478 478 478 478 478 478  478 478 478 478  478 478 478 478 478 478 478 478 478 478 478 478 478 478 478 478 478 478 478 478 478 478 42   110 110 110 42   478 478 478 478 478 478 478 478 478 478 478 478 478 478 478 478 478 478 478 478 478 478 42   110 110 110 42   478 478 478 478 478 478 478
478 478 478 478 478 478 478 478  478 478 478 478  478 478 478 478 478 478 478 478 478 478 478 478 478 478 478 478 478 478 478 478 478 478 42   110 110 110 42   478 478 478 478 478 478 478 478 478 478 478 478 478 478 478 478 478 478 478 478 478 478 42   110 110 110 42   478 478 478 478 478 478 478
478 478 478 478 478 478 478 478  478 478 478 478  478 478 478 478 478 478 478 478 478 478 478 478 478 478 478 478 478 478 478 478 478 478 42   110 110 110 42   478 478 478 478 478 478 478 478 478 478 478 478 478 478 478 478 478 478 478 478 478 478 42   110 110 110 42   478 478 478 478 478 478 478
478 478 478 478 478 478 478 478  478 478 478 478  478 478 478 478 478 478 478 478 478 478 478 478 478 478 478 478 478 478 478 478 478 478 42   110 110 110 42   478 478 478 478 478 478 478 478 478 478 478 478 478 478 478 478 478 478 478 478 478 478 42   110 110 110 42   478 478 478 478 478 478 478
478 478 478 478 478 478 478 478 478 478 478 478 478 478 478 478 478 478   478 478 478 478 478 478 478 478 478 478 42   42   42   42   42   42   42   49   49   49   42   42   42   42   42   42   42   478 478 478 478 478 478 478 478 478 478 42   42   42   42   42   42   42   49   49   49   42   42   42   42   42   42   42   478
478 478  478 478 478 478 478 478 478 478 478 478 478 478 478 478 478 478  478 478 478 478 478 478 478 478 478 478 42   111 111 111 111 111 111 111 111 111 111 111 111 111 111 111 42   478 478 478 478 478 478 478 478 478 478 42   111 111 111 111 111 111 111 111 111 111 111 111 111 111 111 42   478
478 478  478 478 478 478 478 478 478 478 478 478 478 478 478 478 478 478  478 478 478 478 478 478 478 478 478 478 42   111 111 111 111 111 111 111 111 111 111 111 111 111 111 111 42   478 478 478 478 478 478 478 478 478 478 42   111 111 111 111 111 111 111 111 111 111 111 111 111 111 111 42   478
478 478  478 478 478 478 478 478 478 478 478 478 478 478 478 478 478 478  478 478 478 478 478 478 478 478 478 478 42   111 111 111 111 111 111 111 111 111 111 111 111 111 111 111 42   478 478 478 478 478 478 478 478 478 478 42   111 111 111 111 111 111 111 111 111 111 111 111 111 111 111 42   478
478 478  478 478 478 478 478 478 478 478 478 478 478 478 478 478 478 478  478 478 478 478 478 478 478 478 478 478 42   111 111 111 111 111 111 111 111 111 111 111 111 111 111 111 42   478 478 478 478 478 478 478 478 478 478 42   111 111 111 111 111 111 111 111 111 111 111 111 111 111 111 42   478
478 478  478 478 478 478 478 478 478 478 478 478 478 478 478 478 478 478  478 478 478 478 478 478 478 478 478 478 42   111 111 111 111 111 111 111 111 111 111 111 111 111 111 111 42   478 478 478 478 478 478 478 478 478 478 42   111 111 111 111 111 111 111 111 111 111 111 111 111 111 111 42   478
478 478  478 478 478 478 478 478 478 478 478 478 478 478 478 478 478 478  478 478 478 478 478 478 478 478 478 478 42   111 111 111 111 111 111 111 111 111 111 111 111 111 111 111 42   42   42   42   42   42   42   42   42   42   42   42   111 111 111 111 111 111 111 111 111 111 111 111 111 111 111 42   478
478 478  478 478 478 478 478 478 478 478 478 478 478 478 478 478 478 478  478 478 478 478 478 478 478 478 478 478 42   111 111 111 111 111 111 111 111 111 111 111 111 111 111 111 49   110 110 110 110 110 110 110 110 110 110 49   111 111 111 111 111 111 111 111 111 111 111 111 111 111 111 42   478
478 478  478 478 478 478 478 478 478 478 478 478 478 478 478 478 478 478  478 478 478 478 478 478 478 478 478 478 42   111 111 111 111 111 111 111 111 111 111 111 111 111 111 111 49   110 110 110 110 110 110 110 110 110 110 49   111 111 111 111 111 111 111 111 111 111 111 111 111 111 111 42   478
478 478  478 478 478 478 478 478 478 478 478 478 478 478 478 478 478 478  478 478 478 478 478 478 478 478 478 478 42   111 111 111 111 111 111 111 111 111 111 111 111 111 111 111 49   110 110 110 110 110 110 110 110 110 110 49   111 111 111 111 111 111 111 111 111 111 111 111 111 111 111 42   478
478 478  478 478 478 478 478 478 478 478 478 478 478 478 478 478 478 478  478 478 478 478 478 478 478 478 478 478 42   111 111 111 111 111 111 111 111 111 111 111 111 111 111 111 42   42   42   42   42   42   42   42   42   42   42   42   111 111 111 111 111 111 111 111 111 111 111 111 111 111 111 42   478
478 478  478 478 478 478 478 478 478 478 478 478 478 478 478 478 478 478  478 478 478 478 478 478 478 478 478 478 42   111 111 111 111 111 111 111 111 111 111 111 111 111 111 111 42   478 478 478 478 478 478 478 478 478 478 42   111 111 111 111 111 111 111 111 111 111 111 111 111 111 111 42   478
478 478  478 478 478 478 478 478 478 478 478 478 478 478 478 478 478 478  478 478 478 478 478 478 478 478 478 478 42   111 111 111 111 111 111 111 111 111 111 111 111 111 111 111 42   478 478 478 478 478 478 478 478 478 478 42   111 111 111 111 111 111 111 111 111 111 111 111 111 111 111 42   478
478 478  478 478 478 478 478 478 478 478 478 478 478 478 478 478 478 478  478 478 478 478 478 478 478 478 478 478 42   111 111 111 111 111 111 111 111 111 111 111 111 111 111 111 42   478 478 478 478 478 478 478 478 478 478 42   111 111 111 111 111 111 111 111 111 111 111 111 111 111 111 42   478
478 478  478 478 478 478 478 478 478 478 478 478 478 478 478 478 478 478  478 478 478 478 478 478 478 478 478 478 42   111 111 111 111 111 111 111 111 111 111 111 111 111 111 111 42   478 478 478 478 478 478 478 478 478 478 42   111 111 111 111 111 111 111 111 111 111 111 111 111 111 111 42   478
478 478  478 478 478 478 478 478 478 478 478 478 478 478 478 478 478 478  478 478 478 478 478 478 478 478 478 478 42   111 111 111 111 111 111 111 111 111 111 111 111 111 111 111 42   478 478 478 478 478 478 478 478 478 478 42   111 111 111 111 111 111 111 111 111 111 111 111 111 111 111 42   478
478 478  478 478 478 478 478 478 478 478 478 478 478 478 478 478 478 478  478 478 478 478 478 478 478 478 478 478 42   42   42   42   42   42   42   42   42   42   42   42   42   42   42   42   42   478 478 478 478 478 478 478 478 478 478 42   42   42   42   42   42   42   42   42   42   42   42   42   42   42   42   42   478
478 478 478 478 478 478 478 478 478 478 478 478 478 478 478 478 478 478 478 478 478 478 478 478 478 478 478 478 478 478 478 478 478 478 478 478 478 478 478 478 478 478